854
361
510
815
497
156
305
646
89
222
878
137
66
22
193
833
534
79
854
395
549
960
910
339
790
701
584
126
373
374
622
359
714
816
194
18
794
811
801
646
9
969
238
301
225
92
448
591
352
801
918
55
296
40
589
298
20
547
493
314
827
455
544
811
150
52
199
381
997
417
849
669
59
165
504
824
915
811
947
922
489
50
986
561
974
470
666
694
21
467
152
284
458
255
676
373
652
224
76
961
918
510
823
813
42
542
108
347
33
690
349
459
101
58
783
50
439
193
89
440
978
366
79
503
28
948
868
145
999
853
317
177
503
748
606
985
575
167
919
589
561
629
975
78
631
716
802
533
495
435
634
663
905
737
48
304
444
184
830
939
407
598
860
833
434
329
648
827
257
79
418
71
997
861
960
431
696
401
670
816
29
962
152
823
621
293
455
674
758
451
859
921
715
577
246
145
246
549
861
148
414
727
269
173
910
561
737
191
650
826
467
369
159
418
828
642
192
857
821
228
704
434
975
771
424
613
723
447
237
147
324
408
588
689
70
699
581
31
805
173
290
120
191
546
298
984
831
455
309
620
357
954
79
819
181
944
516
184
932
753
727
569
308
190
191
694
625
39
326
699
116
207
65
851
784
605
530
485
885
213
969
831
279
949
49
71
158
632
255
261
617
698
482
813
23
83
80
955
571
519
464
846
266
724
492
946
266
847
178
752
443
335
583
787
360
799
295
47
697
463
260
898
601
231
811
312
701
956
696
70
118
821
254
810
327
726
407
435
438
633
264
429
499
223
419
15
371
508
234
212
951
201
674
772
981
813
471
223
550
364
470
32
859
13
657
98
133
76
864
566
322
955
42
186
520
574
886
320
313
721
188
564
257
644
642
903
819
68
657
486
449
379
505
615
160
795
165
818
577
393
382
441
49
911
137
4
743
12
947
69
360
791
336
220
15
409
533
619
332
95
202
11
680
595
147
722
387
235
567
680
589
885
444
982
743
996
762
529
847
225
191
838
284
364
485
25
982
6
869
0
164
846
391
67
54
276
950
366
617
116
282
189
855
372
48
139
782
754
650
998
762
84
29
607
887
55
686
986
579
888
778
488
437
135
273
169
618
572
100
722
958
571
76
179
608
614
313
597
690
846
544
300
240
377
322
596
402
883
500
924
530
472
145
530
780
903
609
652
124
476
15
162
987
813
415
827
650
326
84
750
172
240
645
760
481
154
670
885
904
629
467
841
742
180
969
666
609
814
330
431
987
515
96
393
542
900
17
49
536
372
441
366
347
104
946
49
136
704
431
706
262
406
663
23
748
660
669
78
929
825
13
158
393
804
221
321
650
397
395
758
738
935
468
328
69
619
32
806
99
53
448
140
956
346
313
411
451
0
160
309
835
255
232
763
893
578
866
712
501
892
204
659
210
59
786
481
293
922
729
880
701
992
846
36
383
883
868
427
420
383
819
63
874
860
527
565
275
327
605
694
815
234
933
766
744
593
767
801
633
737
312
647
900
832
417
185
271
305
283
635
969
178
327
160
570
673
791
564
219
283
392
176
761
381
262
710
370
180
389
473
894
289
974
223
647
133
902
555
283
782
230
405
435
92
521
960
574
623
73
70
322
46
655
893
89
315
746
435
702
859
363
847
618
0
825
308
178
162
195
26
457
452
309
206
820
913
860
315
383
932
500
154
76
125
389
252
824
735
384
984
276
689
459
170
936
58
559
431
549
852
817
94
240
26
415
505
518
453
771
663
674
715
129
409
704
851
251
904
607
295
450
551
537
650
21
884
822
724
48
207
840
508
353
716
277
437
828
551
701
22
707
897
489
648
48
359
506
461
759
514
380
708
167
846
728
395
734
877
126
156
685
551
221
424
946
299
143
253
250
485
139
179
693
204
154
752
271
61
714
829
768
309
433
532
980
375
48
538
210
199
174
997
277
994
945
83
410
640
253
701
109
321
35
422
755
886
339
396
844
107
773
184
409
219
807
910
901
772
583
853
362
34
744
97
324
166
503
113
514
797
190
882
882
531
448
29
60
279
344
516
673
572
151
84
708
300
337
208
262
383
303
949
223
679
90
945
595
544
699
569
681
708
808
435
943
698
169
889
384
105
752
120
814
729
929
412
615
368
378
409
733
735
533
904
156
425
628
962
895
468
964
234
659
878
689
938
156
414
936
426
594
586
3
865
34
751
708
100
495
249
867
525
884
233
997
666
175
524
691
805
130
826
518
16
70
374
33
475
161
84
664
760
501
436
283
16
947
638
47
141
207
828
329
376
704
283
214
686
535
729
372
414
940
911
686
206
263
266
58
665
993
566
857
388
631
764
475
859
859
870
533
240
114
368
897
875
579
813
73
342
844
77
660
685
971
873
385
956
17
955
903
286
486
322
54
175
752
705
260
641
851
742
437
882
170
352
102
388
373
100
391
762
54
38
704
633
897
77
622
120
151
496
694
829
351
296
997
345
606
1
575
898
780
668
933
616
451
712
8
808
606
290
545
982
736
421
225
245
937
840
348
846
871
611
347
816
512
738
729
636
537
956
913
544
304
513
980
657
929
906
675
26
621
175
415
771
312
149
402
656
852
739
395
291
520
139
473
405
456
826
39
873
463
713
212
128
143
683
123
615
378
370
312
970
917
971
221
934
293
13
997
16
313
687
776
377
841
874
464
158
692
188
76
214
695
599
931
8
433
273
378
733
985
72
329
263
154
124
986
497
947
212
898
551
607
406
125
24
198
82
228
950
784
828
917
648
370
479
515
505
999
543
978
898
12
380
208
618
115
767
563
4
894
853
513
233
909
569
44
80
925
547
668
214
955
556
787
44
814
816
521
297
207
38
435
578
473
538
293
708
509
514
454
817
714
913
566
246
110
909
325
15
433
355
492
308
488
374
419
218
706
419
213
932
557
898
849
812
133
950
504
244
534
747
106
39
558
924
451
343
344
392
42
989
87
950
951
842
959
596
125
391
94
853
945
137
504
779
539
120
996
385
562
64
12
979
410
954
397
903
514
635
447
861
458
558
37
689
824
631
258
273
981
648
471
990
1
445
524
77
476
708
10
931
423
333
828
434
145
361
829
392
248
895
827
215
599
411
917
230
311
312
402
404
780
41
219
513
875
904
715
548
75
958
811
828
692
8
673
122
159
639
285
881
957
542
235
966
935
177
376
442
216
608
535
460
166
798
329
625
996
234
978
349
115
692
537
890
891
200
984
957
688
892
54
593
686
987
35
844
582
686
334
162
64
684
50
728
68
600
107
782
476
933
163
11
559
112
431
305
352
793
145
843
649
564
486
893
570
531
568
284
197
322
644
479
445
174
838
480
567
132
686
230
881
525
704
502
307
168
989
420
374
648
690
941
389
702
157
532
673
319
18
128
285
952
406
564
859
883
547
940
812
863
438
622
926
800
732
368
734
613
922
545
966
161
18
986
951
538
747
191
629
607
678
951
790
377
333
204
200
493
162
249
738
39
214
422
707
775
281
351
861
280
252
805
259
822
746
794
225
288
93
865
725
893
733
34
571
438
621
259
589
250
119
676
536
776
286
775
420
755
262
174
947
963
509
873
786
806
193
446
538
548
481
551
153
974
429
492
539
811
247
512
798
258
807
405
335
374
755
333
279
684
750
902
21
350
224
17
854
657
331
99
166
538
975
134
949
828
674
687
855
796
197
290
126
602
449
258
825
110
776
917
113
536
167
844
22
395
328
830
109
499
905
934
654
838
342
923
311
861
286
741
88
740
490
885
154
318
387
243
612
357
663
398
471
77
32
399
954
877
161
236
134
844
949
225
774
125
602
93
273
271
414
905
557
979
153
757
319
342
793
98
316
594
617
155
851
110
898
99
764
118
334
449
694
508
664
601
800
124
390
858
702
908
168
990
548
335
613
368
24
217
101
124
635
375
319
79
594
672
590
440
894
115
702
250
349
507
885
834
570
517
771
9
43
736
795
132
644
39
419
403
795
226
930
187
488
558
48
640
275
230
228
962
332
217
138
243
143
786
543
657
637
630
951
67
844
738
368
669
105
242
830
939
148
37
675
16
69
970
135
267
845
530
621
979
768
887
53
61
618
309
152
505
869
21
743
299
159
246
805
985
397
103
810
686
360
440
528
390
41
706
91
664
290
66
999
976
19
937
341
456
130
21
911
911
596
632
277
443
908
170
687
322
903
283
20
440
622
247
443
163
137
640
560
100
926
891
922
674
53
325
928
832
13
149
328
632
223
342
223
817
651
381
907
294
179
421
25
502
755
580
546
828
68
234
954
235
617
340
16
271
756
12
672
773
735
172
61
64
777
3
840
685
564
114
650
625
135
500
909
588
307
268
697
979
510
236
873
584
36
121
255
660
891
580
391
516
768
250
184
417
516
711
669
167
108
371
343
621
863
606
470
461
312
316
17
514
806
772
701
712
919
404
998
915
355
662
538
168
946
359
175
543
882
846
203
364
659
872
954
86
482
937
847
963
634
157
885
913
832
310
425
36
613
307
987
741
398
258
774
793
741
824
636
913
929
188
454
151
520
300
907
952
145
857
513
568
934
51
301
802
497
729
90
477
196
137
895
310
734
452
58
122
393
888
803
108
479
784
639
375
610
920
985
530
578
743
71
717
242
801
899
455
640
564
673
560
903
513
936
944
759
755
902
274
271
338
315
687
79
719
270
576
83
565
666
485
528
493
513
639
860
84
431
669
982
314
985
204
445
856
990
758
354
233
733
281
79
492
534
116
381
174
388
224
537
15
403
362
431
584
102
387
274
117
993
179
183
367
698
926
204
312
746
943
740
839
326
624
870
742
559
513
418
879
815
80
990
224
14
246
325
503
704
369
348
895
212
605
488
187
482
0
354
309
508
250
97
858
138
265
755
657
177
656
871
641
933
557
450
45
338
621
927
490
686
328
104
545
636
832
547
57
872
821
575
263
191
678
436
853
124
203
767
457
567
226
764
320
529
402
930
247
638
361
406
184
716
850
310
152
469
142
115
60
393
645
862
331
195
672
351
439
861
319
628
135
815
709
770
141
224
586
223
159
429
389
914
225
813
36
357
935
379
411
394
74
81
718
458
481
432
213
831
24
980
550
126
515
462
345
326
35
830
730
866
702
977
881
548
200
761
37
519
545
238
294
645
396
499
883
562
276
928
820
817
558
735
878
483
324
912
124
841
495
861
379
312
512
175
44
171
711
922
730
641
983
485
928
18
335
799
466
134
377
979
247
541
480
442
331
911
455
669
419
738
97
745
998
795
258
514
870
771
573
715
368
346
96
673
305
282
981
14
728
388
20
686
582
835
762
673
315
280
74
836
894
358
373
680
82
762
645
648
478
321
634
347
586
851
275
676
751
686
817
554
379
833
672
829
983
591
61
361
384
319
995
664
673
176
791
304
447
423
52
108
814
156
998
149
478
617
564
218
433
125
50
31
270
297
595
315
980
189
592
363
367
958
349
988
614
350
826
212
377
295
310
136
516
81
423
269
66
765
481
779
502
325
143
992
708
276
635
380
724
208
658
5
687
34
212
111
707
290
337
231
480
787
139
319
167
46
143
45
818
524
371
716
488
289
310
567
499
166
387
907
94
745
523
997
32
36
386
782
180
518
632
264
101
606
393
776
541
771
393
853
432
526
271
183
304
408
935
621
867
776
141
350
423
892
207
204
123
211
219
255
667
515
603
435
420
747
489
392
935
50
75
42
437
368
175
289
910
426
98
444
872
787
68
449
123
360
361
698
41
94
20
511
850
137
916
753
106
690
355
200
616
960
799
140
403
598
390
113
100
237
833
554
6
363
624
883
566
46
442
162
660
570
271
634
306
815
374
36
996
86
123
270
692
908
456
925
292
358
402
821
974
22
586
81
796
315
947
306
833
396
881
813
883
730
22
739
483
36
620
347
430
136
348
551
394
242
230
800
96
101
102
696
497
819
884
397
316
632
913
251
92
619
845
742
115
885
755
777
422
585
667
74
683
688
72
376
463
540
516
445
582
152
455
519
696
845
398
968
760
380
163
12
568
46
580
468
528
310
663
877
641
249
846
317
138
213
783
665
553
700
383
489
482
555
773
665
439
740
520
420
132
117
985
963
129
295
736
413
764
480
272
629
464
813
123
661
402
651
190
666
389
709
88
189
666
953
623
441
234
430
621
680
100
392
557
55
218
740
910
455
165
828
723
597
415
348
811
437
456
500
896
573
742
723
152
102
995
779
517
946
671
981
214
856
793
14
676
751
994
326
621
727
601
751
821
49
159
379
282
742
658
715
375
655
388
197
613
92
356
466
971
240
577
772
860
13
500
520
352
659
976
501
287
686
516
361
978
892
879
15
436
826
867
499
171
195
646
829
883
727
883
312
796
723
570
912
456
795
85
840
361
297
564
825
801
179
591
691
95
289
66
371
985
962
156
278
724
0
473
437
865
657
736
319
584
257
833
44
354
15
18
67
378
250
562
277
158
332
985
243
419
553
265
967
472
814
317
50
381
849
50
287
535
179
539
169
308
911
340
343
363
118
56
229
495
181
732
399
476
185
939
416
415
405
368
516
109
243
819
454
187
446
481
74
240
253
56
706
915
566
114
728
980
965
984
976
225
937
61
839
612
401
794
188
216
55
621
340
56
103
247
344
913
233
930
13
180
857
177
31
181
948
47
752
702
700
304
920
189
675
995
770
705
528
157
911
492
471
378
643
7
848
527
232
317
697
809
582
114
349
763
300
340
741
68
747
90
517
510
480
222
19
743
664
827
967
561
744
86
781
246
207
73
134
606
370
279
706
820
761
493
556
951
139
307
749
455
701
106
788
948
220
356
241
332
603
491
923
761
632
548
575
953
367
119
201
916
219
14
31
582
518
72
334
623
64
607
608
513
97
907
877
620
4
964
900
769
465
952
291
63
971
278
381
501
21
390
738
722
473
201
898
201
3
258
383
622
270
912
902
38
909
296
991
758
599
349
357
755
307
868
550
72
94
515
530
250
749
598
567
980
525
16
115
49
64
194
296
649
339
428
315
87
507
110
556
303
225
822
797
92
407
928
886
141
645
790
393
324
48
391
371
91
21
336
495
141
225
754
437
84
68
83
127
35
566
24
776
955
816
633
633
49
492
917
236
799
403
742
950
785
95
805
139
49
641
163
536
247
130
248
420
343
431
174
10
956
736
329
943
119
715
673
707
273
291
516
410
303
136
361
815
350
449
929
776
299
346
189
895
193
816
621
138
832
877
750
942
217
505
439
571
204
547
587
919
254
448
499
90
702
782
24
91
885
480
187
329
66
134
727
284
873
725
338
35
887
798
509
115
537
18
643
66
454
105
517
963
694
594
629
719
295
86
468
309
603
913
770
154
923
462
543
402
370
535
687
557
461
919
226
831
434
806
419
83
431
752
110
721
147
448
85
219
823
351
514
32
522
792
781
871
339
410
936
862
806
636
63
150
358
289
239
126
829
523
364
475
388
32
238
483
462
339
535
274
254
606
511
599
386
638
287
880
447
776
811
669
741
339
987
520
553
628
75
301
128
287
654
734
36
673
907
94
93
650
901
45
968
81
186
257
280
459
111
473
828
829
527
265
193
493
3
33
449
107
564
639
745
929
732
721
997
361
826
402
267
656
522
78
9
633
355
208
875
382
388
711
691
282
299
750
292
185
87
186
399
808
854
680
673
408
772
425
978
821
532
28
90
511
456
436
694
133
884
790
500
436
132
598
903
904
834
279
119
833
343
403
70
138
951
777
417
482
725
16
148
193
914
316
341
524
338
857
738
731
985
176
749
512
544
834
168
435
525
11
972
998
155
780
311
917
884
678
354
363
611
989
657
915
245
261
972
982
527
520
657
880
625
842
257
170
286
597
889
639
147
682
609
210
156
928
462
556
563
129
557
199
922
186
515
18
748
357
206
996
396
531
327
730
391
808
622
917
571
608
600
463
1
133
964
656
930
455
654
408
367
281
986
185
34
402
250
766
750
42
901
158
721
698
362
621
947
130
717
19
228
204
167
852
192
16
558
149
218
340
201
766
356
280
392
91
173
167
585
855
936
18
907
701
685
542
161
330
989
396
311
871
306
644
602
614
33
759
65
896
596
731
728
485
477
148
705
987
51
759
109
616
469
932
133
706
153
518
545
519
59
412
79
416
97
840
892
541
411
995
354
874
984
441
427
91
4
322
280
571
965
75
713
51
378
464
65
272
913
750
778
212
962
261
865
136
681
923
449
681
413
848
889
793
445
936
218
109
768
909
554
638
288
706
536
306
45
211
481
326
929
226
167
346
331
484
624
180
538
949
304
934
238
769
707
734
627
228
83
440
224
911
495
942
840
327
313
585
350
658
93
295
39
612
890
674
523
486
369
151
844
912
54
686
234
745
375
427
934
145
52
396
369
708
405
5
699
31
182
286
120
137
854
596
387
176
358
454
855
707
306
679
484
634
147
887
977
827
225
942
118
408
97
637
925
318
508
79
698
928
475
833
512
728
885
752
403
200
169
319
554
930
876
127
116
302
974
939
683
888
238
374
802
826
354
887
68
642
5
909
397
291
971
815
533
947
687
41
176
823
432
362
385
706
621
906
519
94
468
188
95
950
423
19
402
501
47
910
51
722
348
616
959
635
832
564
750
746
577
557
268
943
714
860
743
118
437
427
332
3
354
678
961
431
172
54
559
418
521
113
349
110
416
605
870
55
396
697
343
719
775
593
196
248
641
926
243
386
2
435
179
107
691
987
73
663
593
457
288
602
347
632
780
535
672
10
679
502
81
87
749
834
459
883
561
831
53
109
701
210
255
28
111
718
495
810
405
603
989
65
546
972
633
560
472
557
835
629
624
410
813
349
433
678
394
66
501
270
50
753
392
583
366
554
388
841
896
938
555
860
548
179
379
165
71
96
848
367
21
882
59
376
691
235
201
853
174
14
804
38
138
302
65
592
440
936
590
614
794
48
541
991
150
98
411
730
43
239
926
654
105
728
594
303
642
405
633
601
806
876
221
469
849
906
24
791
479
156
385
85
231
999
787
677
976
644
25
426
135
363
927
495
155
607
846
361
911
626
628
516
360
153
101
642
803
513
276
412
1
837
320
193
538
145
450
879
18
570
388
732
393
678
582
980
250
379
74
18
523
238
973
759
718
949
601
331
201
623
450
297
38
576
965
898
107
797
779
870
47
522
646
737
697
287
502
881
86
632
423
689
341
869
520
647
475
717
916
501
812
421
703
222
715
607
681
972
304
770
733
30
270
232
238
721
720
293
157
473
841
55
836
22
899
812
505
6
67
888
226
584
849
231
236
25
920
933
34
23
109
492
364
713
165
653
952
490
675
176
665
327
305
285
643
713
296
361
778
878
966
116
431
32
168
505
937
754
170
92
30
901
852
587
614
857
814
794
769
467
767
523
206
746
205
681
685
32
616
256
87
56
81
664
506
468
618
706
115
64
231
342
233
380
881
171
481
532
673
774
262
52
374
922
381
773
250
770
968
263
5
841
80
577
86
600
72
160
14
521
608
617
671
221
827
834
814
137
248
92
345
821
94
5
48
778
603
387
789
554
628
650
893
488
744
538
87
546
143
901
475
481
279
685
442
760
391
928
824
531
592
15
206
688
363
739
116
278
635
349
323
529
606
605
95
185
495
167
843
380
171
748
986
820
20
585
678
890
72
21
748
865
370
146
908
595
459
923
45
202
745
130
892
609
451
152
688
261
834
987
687
522
844
172
842
508
378
661
704
404
510
661
727
932
509
365
346
927
677
995
842
203
254
337
632
998
484
370
321
538
13
89
776
262
249
944
281
189
697
905
957
119
92
576
491
680
637
157
653
855
435
676
619
194
335
497
168
116
544
52
465
606
972
1
141
620
44
754
898
640
432
966
246
146
392
728
176
498
620
812
272
420
13
75
647
722
896
898
798
590
824
62
487
832
840
795
82
130
336
861
674
93
732
219
669
536
231
347
953
911
627
177
66
879
893
226
739
772
67
148
520
695
12
977
32
601
154
928
533
479
246
372
648
326
638
760
29
828
736
655
622
70
622
226
793
479
627
535
516
303
746
518
330
829
318
974
36
27
133
710
564
73
710
123
567
408
971
889
320
404
880
540
643
98
812
270
190
965
951
535
550
181
73
345
995
729
237
653
934
735
325
672
913
112
182
207
367
768
488
486
192
965
521
495
879
357
777
767
701
724
645
189
660
715
197
650
291
478
310
893
630
231
865
765
452
665
153
572
347
983
934
677
332
546
200
84
60
561
765
624
551
905
4
398
188
186
631
926
119
878
400
0
312
502
311
822
690
189
891
240
784
940
160
491
623
810
78
794
676
513
817
100
818
118
970
946
627
210
645
929
119
528
516
320
68
53
109
7
861
842
606
349
221
338
27
801
598
568
381
325
312
948
700
413
81
170
878
135
846
150
914
890
891
746
972
958
890
17
847
802
66
153
805
41
846
861
45
999
219
924
415
338
973
451
40
892
16
23
690
884
383
577
443
919
18
221
35
61
714
521
221
28
897
915
632
15
742
323
99
691
922
699
964
316
679
986
109
941
319
364
971
244
650
108
569
480
680
606
65
744
946
874
832
157
645
193
687
45
312
567
5
374
271
518
797
847
89
478
469
122
685
861
381
65
719
476
541
698
806
188
175
313
32
11
966
981
61
908
195
341
821
536
300
607
825
515
76
154
106
243
312
338
840
590
605
259
757
578
766
251
99
268
469
110
941
793
616
205
38
590
498
248
701
354
151
351
632
17
961
431
166
77
529
510
204
930
566
286
692
365
215
974
794
668
341
306
403
463
301
368
848
865
810
1
579
108
374
986
298
631
690
712
248
888
194
547
195
923
224
316
361
5
1
953
20
511
915
233
43
629
761
553
231
901
726
428
549
575
677
6
558
759
504
199
729
696
184
56
119
382
336
504
670
993
342
422
17
570
850
861
901
76
985
814
531
998
807
288
528
465
875
298
562
965
618
357
86
127
698
368
900
767
705
389
921
641
204
464
956
513
123
970
185
451
729
224
610
82
429
473
650
695
855
739
762
991
190
200
50
354
525
545
426
810
783
430
339
644
902
686
860
927
723
498
912
787
416
880
496
709
859
24
216
483
793
741
366
288
674
410
388
331
194
477
655
377
577
299
849
992
101
78
567
566
729
764
220
659
835
233
498
744
999
942
876
888
334
471
143
692
939
960
827
195
670
902
150
645
990
399
779
840
613
298
688
101
92
746
207
154
93
615
904
267
303
326
465
276
757
333
873
263
98
744
553
547
890
736
993
743
78
567
433
241
366
455
237
421
831
526
93
385
856
462
511
150
683
277
48
542
18
236
644
497
743
51
413
541
247
997
459
210
916
759
870
23
229
15
215
164
127
86
185
49
286
894
471
313
965
122
807
843
204
108
505
423
569
951
63
910
823
180
295
633
635
364
141
797
757
460
160
813
522
487
442
919
871
882
35
409
473
710
716
418
354
194
256
249
988
681
218
52
738
234
245
126
826
700
844
642
697
598
610
105
279
502
918
357
687
902
385
344
928
654
540
325
726
28
291
541
928
871
254
727
949
571
662
394
931
307
257
884
467
21
184
760
478
839
58
242
79
642
337
802
205
268
806
927
694
634
224
449
784
906
409
476
199
949
625
877
288
274
600
142
509
106
196
985
333
972
805
940
704
117
172
94
506
879
732
846
326
23
529
881
485
474
222
190
382
195
578
249
161
333
370
518
854
299
439
750
843
325
329
460
904
239
179
508
833
271
235
834
942
77
720
939
450
741
102
168
447
697
605
625
240
610
233
640
218
824
147
900
668
481
550
642
583
685
233
437
439
105
395
650
500
797
593
754
294
755
727
285
167
527
818
153
87
667
526
488
16
853
720
982
995
346
632
382
997
290
375
88
860
376
210
320
886
134
697
48
290
14
951
831
979
730
948
704
768
814
904
815
527
806
551
14
646
609
272
368
937
682
870
913
411
382
264
427
835
459
488
149
760
837
216
968
266
175
780
388
748
853
117
784
753
11
467
653
827
579
381
124
961
172
648
368
271
112
265
785
235
674
520
434
346
556
375
720
219
134
922
174
37
77
350
270
748
872
551
81
861
214
496
642
77
569
669
735
209
947
427
947
702
786
295
34
401
848
270
611
930
248
364
698
18
312
975
691
803
900
399
645
7
243
332
875
469
29
806
863
331
665
888
948
699
287
487
742
83
846
19
933
522
120
242
467
671
414
328
775
884
517
702
326
589
887
827
683
551
887
760
619
323
763
164
578
671
296
590
228
781
823
6
24
614
474
432
418
415
320
614
834
456
540
267
762
119
543
69
475
728
56
307
285
393
335
746
251
213
142
322
389
283
86
623
251
317
931
432
832
399
286
44
394
920
452
287
190
171
303
430
441
871
236
506
767
298
902
108
391
687
521
350
240
752
628
400
193
485
873
251
987
534
920
803
921
77
63
615
411
296
103
221
501
90
951
953
668
242
12
175
656
954
471
240
163
911
622
678
43
692
856
154
241
195
953
111
883
150
518
818
665
678
435
277
591
360
248
872
99
783
732
550
203
558
817
347
495
105
958
89
382
216
182
172
891
244
269
201
729
246
18
573
390
501
592
540
951
141
801
964
721
421
231
114
406
820
12
70
45
49
589
944
921
489
509
539
788
985
777
175
450
676
515
193
333
933
102
455
277
960
0
596
701
994
503
523
2
125
259
736
879
278
793
151
504
568
477
929
925
170
285
837
899
407
389
198
227
410
644
855
816
977
297
546
117
182
607
472
988
357
380
37
209
201
353
28
705
500
485
171
946
253
106
107
930
869
601
21
195
441
279
453
849
825
387
922
843
952
978
227
643
463
310
568
83
904
901
900
745
268
128
988
527
181
359
487
876
133
152
99
621
530
304
86
787
517
896
745
201
666
734
799
50
565
773
695
399
933
1
902
260
867
600
696
702
0
666
270
407
34
386
483
209
91
359
807
555
886
883
262
537
133
501
331
330
692
224
920
441
646
448
405
371
564
124
297
677
736
859
825
113
400
468
365
525
359
466
896
3
871
682
306
214
719
373
120
552
34
280
858
743
709
363
176
819
840
797
982
54
97
883
52
498
880
568
471
869
210
236
785
816
94
474
161
510
136
653
367
635
984
584
196
40
574
294
949
866
359
830
964
365
914
966
410
39
232
677
162
464
741
540
523
174
502
913
249
176
237
932
915
440
114
589
42
252
364
356
370
68
995
365
836
47
217
905
996
64
445
99
621
281
97
985
565
276
422
240
700
178
776
250
789
763
845
414
715
350
825
578
401
202
500
666
81
515
817
662
755
55
620
611
950
17
616
63
349
976
629
510
207
741
192
430
285
34
891
749
274
694
38
673
893
255
768
210
761
581
683
929
982
225
302
263
801
674
714
581
365
310
126
932
190
728
488
780
635
333
321
429
972
429
831
397
945
187
745
687
805
314
103
316
180
407
126
375
395
384
812
711
688
988
93
229
726
16
501
684
254
889
379
699
678
194
515
762
120
870
887
256
4
490
460
114
602
476
543
656
507
914
573
758
819
49
425
955
681
895
282
83
656
644
497
999
338
479
6
127
601
364
389
672
269
558
687
233
341
620
909
747
27
156
10
715
774
30
266
870
663
16
568
349
601
531
636
970
274
598
238
465
678
438
382
104
139
843
202
601
629
186
130
394
134
212
721
321
751
826
270
928
12
170
189
632
93
664
434
432
100
281
297
803
848
503
854
45
339
696
31
59
119
658
672
550
561
605
422
634
439
666
849
759
919
651
326
966
704
191
274
462
135
964
22
388
392
845
12
32
828
522
386
818
196
707
656
766
476
635
772
26
696
392
318
797
17
630
859
951
475
686
812
459
296
57
922
107
804
569
799
473
874
635
542
858
667
298
743
28
86
497
708
234
886
461
540
676
835
285
458
926
997
837
519
289
440
884
926
942
123
71
828
201
921
84
509
281
752
914
911
525
734
511
309
797
97
561
324
645
278
581
572
965
239
851
452
725
953
496
763
302
579
983
5
504
249
374
739
46
376
965
16
50
691
638
343
631
918
732
838
258
858
924
664
76
585
349
343
846
710
910
414
362
404
590
932
669
88
284
600
715
156
114
538
353
635
251
649
259
88
944
378
553
748
752
334
402
625
843
579
135
594
78
468
430
525
494
115
23
790
366
856
336
400
966
545
645
506
980
174
86
876
581
705
528
362
659
334
218
11
690
232
407
332
241
977
928
892
857
213
22
77
798
98
348
830
568
401
202
250
593
664
868
440
112
719
732
839
575
582
11
377
954
761
34
116
124
389
783
155
188
466
199
750
158
240
200
439
348
263
931
548
640
494
319
542
148
128
169
311
865
220
260
385
167
235
140
256
628
645
817
710
177
179
254
672
887
162
398
374
601
145
330
937
680
178
663
66
964
635
373
323
359
157
15
877
628
480
602
356
573
821
434
938
826
326
292
878
103
486
714
177
636
267
219
457
534
539
590
732
409
565
277
472
275
931
804
986
441
411
255
228
219
680
941
353
761
704
491
792
31
194
176
195
315
823
304
961
263
121
823
880
521
68
888
993
866
161
627
385
525
820
919
335
688
611
717
286
273
141
36
105
702
712
393
999
610
275
379
604
783
302
564
716
766
508
162
246
238
768
970
146
8
247
259
841
948
240
508
380
773
948
651
697
372
991
521
374
113
740
990
630
879
2
922
569
971
881
424
570
588
676
166
448
393
713
675
775
210
131
837
946
53
432
155
286
691
61
151
270
962
721
205
951
713
472
508
866
985
169
376
723
912
251
561
487
691
616
180
300
702
481
226
976
712
826
134
24
765
553
369
11
873
173
113
806
395
564
849
987
880
167
921
857
308
607
218
757
462
733
571
116
43
87
3
844
499
737
955
577
680
353
496
25
940
612
465
180
625
26
265
198
570
548
12
975
256
131
543
676
369
418
367
804
796
179
997
644
608
462
628
705
973
343
296
302
938
501
426
980
526
894
883
258
473
760
801
757
515
513
646
276
898
979
488
376
120
321
806
904
657
165
962
853
912
59
455
539
608
892
679
679
399
572
903
276
752
564
487
660
21
215
411
502
658
760
381
437
312
840
131
573
991
699
737
766
382
662
494
238
54
588
110
651
902
321
809
382
822
834
517
798
299
729
496
253
66
33
1
215
540
51
307
942
67
212
943
889
331
756
640
55
725
206
674
683
570
128
157
161
655
966
702
759
674
634
687
626
906
560
154
581
925
763
104
409
124
49
379
458
937
905
172
636
735
781
412
388
363
460
728
191
176
440
81
830
392
906
248
66
266
884
454
164
197
543
214
209
919
733
64
47
930
455
736
268
810
299
794
225
740
155
601
456
233
186
52
711
813
743
113
363
478
755
954
452
131
996
750
355
456
527
942
159
693
348
208
29
453
156
922
410
802
161
375
903
797
973
898
71
339
741
993
829
553
614
4
241
334
215
412
72
968
508
880
967
496
572
129
152
929
364
317
387
68
813
268
677
451
950
293
557
229
723
558
911
685
358
120
780
102
898
363
479
21
980
787
504
639
459
386
96
731
324
348
437
152
248
578
937
729
863
541
612
935
175
171
550
116
926
710
257
645
356
233
83
84
33
0
856
878
935
977
294
296
935
979
794
837
222
506
566
733
99
883
750
806
467
646
887
421
475
425
633
477
756
361
62
481
62
929
342
697
719
717
347
933
546
418
529
199
516
886
563
795
369
56
534
390
826
649
90
898
489
270
1
61
177
804
894
341
350
461
881
570
165
551
725
593
635
502
203
238
349
799
126
443
259
658
554
517
941
630
311
51
292
931
867
468
729
417
813
344
446
842
398
884
958
196
599
521
861
496
366
658
267
891
192
264
403
418
124
389
710
695
970
562
352
636
123
939
449
134
533
806
411
749
391
324
62
225
827
509
826
838
813
773
362
695
338
506
870
383
342
710
229
636
601
408
738
82
139
834
238
372
693
451
986
582
956
170
127
239
413
857
403
386
547
699
721
831
804
973
624
994
876
872
223
418
724
554
856
281
344
72
325
426
361
402
727
485
523
605
474
429
246
285
360
101
967
790
644
15
777
844
996
127
681
500
494
841
926
45
227
681
419
128
632
28
540
651
311
215
356
678
712
366
313
519
7
876
177
926
241
313
184
45
323
338
746
273
640
899
268
634
824
369
161
176
818
260
917
150
442
973
622
372
442
362
993
297
754
689
226
343
862
349
912
645
209
352
43
43
628
397
693
963
180
443
894
626
178
142
102
438
747
797
869
918
192
682
496
76
119
785
416
152
269
643
934
24
859
731
788
788
166
35
236
909
212
93
837
974
41
118
695
566
491
256
288
874
871
214
985
501
484
335
205
849
187
213
832
366
767
627
756
12
795
897
262
982
199
21
407
824
687
88
650
526
550
207
528
960
92
12
912
711
448
411
801
925
134
650
18
416
282
907
386
752
501
813
96
317
367
207
4
333
644
722
202
469
198
847
737
275
131
171
435
620
672
468
135
878
197
675
639
684
62
262
462
27
261
61
435
931
925
947
472
377
220
992
323
312
72
751
406
833
371
787
283
952
438
539
107
964
410
471
297
862
466
396
312
777
9
792
24
133
771
288
514
230
311
633
660
20
104
336
679
525
31
512
694
721
49
902
26
848
511
421
128
150
961
165
170
253
380
420
502
984
398
123
743
745
537
771
528
420
819
612
492
564
690
817
97
520
398
794
20
516
712
721
285
655
408
668
491
415
632
936
399
11
911
551
965
430
182
786
374
123
908
527
496
176
935
351
360
65
564
883
46
232
195
905
238
332
695
267
608
745
341
732
457
176
425
295
721
121
811
472
6
361
572
807
19
306
875
960
24
422
844
166
222
969
793
798
995
116
964
776
430
263
407
573
477
823
32
996
167
229
596
167
204
110
299
556
172
803
833
379
264
121
223
183
406
153
371
90
99
344
539
80
425
69
863
470
508
620
728
871
85
65
209
366
772
668
21
995
97
10
479
480
216
135
795
936
545
237
607
178
949
386
116
693
229
316
486
502
469
531
740
22
477
377
709
491
269
767
671
376
83
53
846
650
514
636
357
871
374
492
75
764
94
850
531
329
343
780
424
214
439
659
318
563
666
65
372
675
510
941
141
280
2
753
790
261
908
769
324
428
938
516
474
562
688
770
748
174
163
640
333
915
767
865
568
320
656
742
93
218
816
671
478
253
972
232
225
547
808
544
301
167
774
30
516
554
91
259
36
136
731
939
49
712
678
509
210
193
822
382
130
465
625
131
732
704
669
811
107
819
466
420
408
170
644
319
630
150
804
429
520
270
176
24
313
941
70
333
567
369
982
338
487
15
859
226
860
417
116
883
998
389
206
471
630
632
623
658
511
275
853
400
89
864
233
7
678
793
617
338
402
736
455
69
939
815
149
73
237
593
588
903
22
574
789
956
866
539
133
63
933
716
979
630
517
718
329
758
535
197
985
496
834
923
682
702
75
445
516
984
421
103
443
787
806
403
634
762
895
144
934
908
609
439
800
283
504
568
492
826
535
44
578
501
931
125
171
247
862
21
892
430
508
686
849
181
873
797
609
173
513
930
633
61
292
937
799
613
202
353
338
616
942
151
186
393
959
735
460
230
864
176
622
820
596
662
45
882
630
61
261
17
74
858
515
147
135
566
916
975
565
825
599
275
373
252
768
490
361
133
744
596
307
343
114
467
677
906
971
237
543
212
766
896
737
984
266
334
183
964
674
452
776
586
657
174
23
202
945
640
893
996
101
763
426
974
237
430
141
244
71
936
813
843
446
675
697
305
800
596
208
400
822
776
584
891
46
661
91
452
122
36
571
923
794
920
211
472
157
560
132
239
941
632
813
48
40
774
207
398
978
485
149
816
343
561
138
796
411
830
332
294
558
84
538
991
420
868
151
134
226
24
407
524
697
746
414
894
976
562
69
221
941
9
219
977
312
713
609
859
291
171
983
645
629
937
29
185
654
20
58
610
526
305
422
712
681
664
510
320
529
799
939
218
473
966
319
636
437
470
697
911
813
971
712
25
862
157
577
182
603
6
220
824
162
641
409
552
571
933
726
801
468
281
55
447
766
285
377
350
16
672
267
231
899
363
784
842
426
424
222
341
322
282
943
781
321
707
547
245
83
193
211
438
170
166
910
877
272
161
31
868
867
690
709
338
728
564
378
990
797
639
515
560
747
663
965
415
5
834
509
8
614
744
762
521
416
32
578
45
666
361
128
781
478
825
372
158
775
717
715
670
145
993
710
983
456
34
177
159
552
751
22
709
795
837
177
656
13
476
245
35
230
967
164
626
740
973
963
525
894
689
486
301
72
947
800
278
20
840
791
686
203
224
708
305
924
653
536
665
505
973
161
581
214
533
97
431
32
160
28
882
68
150
242
772
680
61
400
750
99
459
10
506
418
419
408
340
756
675
213
354
339
703
692
391
873
697
34
707
976
788
891
674
136
306
430
850
337
111
67
655
975
988
71
437
564
10
153
913
36
531
85
503
142
553
337
197
365
587
985
148
668
168
736
403
139
231
20
272
349
340
127
66
204
636
319
854
725
146
141
146
926
989
862
343
63
430
704
672
672
360
137
8
212
768
410
585
272
305
298
648
570
383
563
238
960
874
461
665
271
876
628
6
819
504
261
362
346
338
304
105
306
570
128
784
326
26
275
123
775
920
79
819
956
632
195
953
703
985
240
197
415
601
689
2
754
919
388
756
972
750
247
237
15
559
329
967
740
692
544
479
787
611
92
137
835
706
369
981
715
902
360
243
200
588
622
291
8
215
941
904
160
916
884
863
206
877
740
801
541
853
232
860
279
214
150
899
22
31
193
254
849
587
413
509
172
547
735
6
568
82
494
58
257
495
315
263
561
198
38
550
796
163
18
259
148
352
7
59
685
395
104
867
339
697
707
251
417
333
83
273
182
809
151
643
917
872
743
65
934
692
869
504
553
788
824
950
422
105
229
590
384
500
850
230
946
968
705
625
626
798
192
925
961
821
802
812
883
174
512
698
307
901
580
610
495
284
621
151
156
631
909
747
606
198
551
515
75
733
107
975
517
958
963
745
343
92
516
839
99
591
362
849
790
153
917
315
617
275
911
670
775
558
750
938
455
282
203
935
770
79
225
251
77
767
875
388
565
210
749
976
286
427
141
490
991
107
843
466
454
937
841
753
762
830
287
622
916
175
84
735
696
353
706
739
273
419
538
601
627
455
182
707
751
167
850
852
605
840
984
27
891
430
10
242
517
489
17
336
650
604
434
934
57
182
700
470
147
148
265
399
317
885
550
34
538
9
340
97
970
831
170
349
691
518
962
585
164
207
360
932
509
425
780
597
646
343
777
896
401
529
290
845
637
291
201
921
475
884
38
192
230
840
890
191
794
762
615
1
180
268
574
157
735
112
466
336
406
88
146
57
554
754
129
306
865
640
496
23
841
362
68
606
121
245
240
228
517
450
624
169
212
207
100
9
152
335
113
633
710
757
707
157
281
555
785
893
889
709
681
792
649
422
822
520
205
571
666
822
326
30
766
398
589
815
787
408
123
810
213
20
831
484
707
390
671
78
585
585
451
475
593
91
370
103
579
22
138
206
237
340
84
811
934
769
723
492
285
925
884
327
732
767
216
577
618
531
223
304
140
489
543
566
769
60
923
552
87
750
618
96
562
759
844
128
681
642
130
685
313
109
237
705
82
83
728
966
720
262
605
310
401
632
168
555
193
572
319
432
794
544
783
129
162
433
325
129
209
307
864
878
424
240
612
431
463
658
323
286
407
916
556
540
384
717
272
980
508
94
458
801
588
971
397
557
702
449
20
864
829
440
767
324
815
235
332
206
10
505
304
778
336
34
843
379
987
225
198
101
651
192
867
961
846
784
386
120
628
633
271
445
910
956
664
376
88
3
803
946
282
116
188
969
138
261
65
108
119
713
385
850
620
839
712
763
283
805
704
345
147
432
408
59
284
771
712
193
947
218
203
798
517
218
130
467
135
588
500
703
952
759
837
670
455
231
773
131
854
668
200
745
481
791
494
914
994
353
35
774
393
328
135
191
565
850
697
97
860
29
955
856
783
7
689
200
308
225
425
293
240
582
403
403
963
529
88
395
978
8
681
599
627
579
289
668
958
330
154
975
328
929
937
190
207
812
726
274
306
586
915
641
829
54
809
687
50
499
542
530
571
245
339
206
646
623
164
984
760
580
921
144
995
163
122
434
811
707
261
307
430
798
974
316
344
771
164
280
186
256
588
957
620
230
202
327
829
143
827
857
824
767
747
842
507
753
292
280
148
329
586
259
969
730
322
840
494
858
303
289
321
274
146
978
959
717
926
153
367
699
637
580
34
855
727
679
78
532
805
833
297
660
303
775
578
778
389
987
618
488
984
97
241
404
244
771
71
309
40
519
273
243
666
850
377
778
371
112
996
964
769
835
393
877
877
798
636
531
463
534
385
201
937
539
224
99
644
317
374
851
293
97
812
300
218
431
609
465
606
727
437
136
983
688
546
590
16
874
609
249
237
619
515
492
179
545
121
557
577
475
582
962
79
561
741
333
785
297
269
904
578
346
49
500
312
885
922
859
882
94
189
799
625
10
428
847
754
288
825
700
611
530
56
129
256
809
198
682
996
367
986
413
596
591
280
919
317
192
139
5
431
141
102
709
92
64
299
471
322
86
500
455
896
583
698
665
694
617
773
350
344
46
127
563
759
965
429
946
631
88
181
429
98
18
929
141
461
608
250
132
449
196
129
53
962
450
510
801
479
579
413
932
564
437
439
556
868
754
340
803
807
568
679
65
464
699
680
892
987
13
961
277
907
79
475
171
290
360
937
438
638
126
911
653
83
855
117
29
252
27
693
721
9
469
450
312
877
339
90
25
433
494
66
866
794
576
107
493
246
605
403
241
174
223
197
756
915
6
511
748
990
292
697
3
64
674
365
575
776
426
662
648
228
706
855
291
776
390
74
695
58
48
472
142
466
232
756
257
508
281
232
786
156
957
217
428
318
310
290
417
397
600
91
610
489
275
316
920
592
467
415
959
377
166
831
922
889
508
757
822
39
233
171
400
518
385
130
475
890
629
927
846
935
743
509
815
108
303
392
696
139
586
484
356
228
707
502
499
466
6
605
188
109
296
99
565
53
415
185
279
170
597
443
990
589
932
411
497
161
147
594
102
866
792
707
66
742
390
909
309
844
686
649
706
847
668
281
977
779
714
264
171
806
709
685
549
979
457
794
746
987
612
325
552
773
401
564
474
756
869
354
290
0
360
108
584
585
7
694
131
137
816
945
282
200
477
434
319
351
903
413
793
738
808
532
530
382
728
632
75
778
511
797
51
950
877
286
252
110
921
562
709
391
47
853
121
598
33
17
391
89
964
451
497
972
900
201
131
127
35
336
302
397
290
119
984
540
451
229
184
342
829
861
211
223
195
117
257
479
414
237
240
115
728
247
205
265
701
305
654
984
160
559
603
786
470
511
559
807
524
327
627
310
537
278
65
69
740
369
740
596
840
310
28
137
393
340
617
713
801
161
422
944
603
696
839
408
231
519
56
849
61
587
726
671
893
762
834
448
228
681
92
744
971
196
463
428
529
206
404
158
228
190
922
56
309
795
592
353
601
218
962
444
308
464
398
638
934
134
491
10
636
958
172
606
897
601
991
891
152
887
378
92
961
251
838
318
869
229
111
24
898
864
196
187
398
313
555
228
933
598
401
8
366
554
691
402
233
460
338
892
203
3
371
282
784
228
419
871
659
427
812
165
484
714
857
234
863
803
821
952
957
576
124
690
425
136
623
366
972
794
243
146
345
627
567
732
967
300
710
757
351
389
519
252
488
713
314
328
659
641
69
412
159
623
460
163
906
667
828
426
533
363
169
52
325
627
528
974
630
486
118
530
477
752
873
187
46
933
810
724
312
891
543
479
743
485
986
285
134
325
828
951
640
125
675
819
260
844
165
558
222
865
721
273
314
800
649
243
49
353
310
572
979
631
389
253
406
763
744
739
241
284
599
977
790
335
817
797
760
99
893
130
669
832
448
435
61
701
970
682
155
254
955
929
403
379
229
804
12
620
487
746
261
577
748
432
169
36
469
931
416
561
538
335
343
372
354
315
392
861
883
363
929
775
846
308
86
159
268
481
105
669
547
825
733
167
90
698
49
623
276
265
152
31
258
870
768
909
48
849
636
423
167
103
858
690
67
29
664
734
384
656
590
784
866
805
894
795
177
394
947
421
947
209
56
881
883
890
829
666
695
240
705
332
466
773
910
458
688
325
562
14
246
116
830
312
532
5
166
318
725
881
904
637
140
390
675
480
321
383
410
303
94
38
354
135
115
352
515
515
765
694
649
65
739
981
424
775
459
479
889
100
42
941
442
951
812
323
299
416
284
168
116
675
227
322
670
192
457
556
1
601
678
536
563
883
486
552
612
191
779
745
607
550
759
218
228
929
835
578
133
751
133
798
388
293
656
514
13
451
803
41
990
339
175
30
827
263
634
570
278
126
764
790
243
921
794
808
108
378
670
630
113
674
953
481
15
563
269
997
0
5
640
44
324
860
139
958
514
816
749
961
138
27
792
592
19
718
