20
59
39
20
1
9
97
68
76
93
3
83
84
78
29
3
68
78
98
44
67
89
33
76
17
65
6
39
16
98
82
19
78
57
74
36
47
10
78
19
36
93
17
26
61
81
12
46
4
52
20
13
77
82
31
52
99
42
72
54
44
60
68
82
46
67
38
69
36
8
4
20
40
56
61
13
20
75
20
31
29
55
84
60
73
3
16
84
89
82
76
4
81
77
2
24
98
50
45
3
37
14
24
24
41
39
87
68
1
99
14
17
34
61
18
59
66
14
55
7
85
92
8
1
10
16
86
15
75
93
10
46
71
74
47
70
79
74
16
16
19
39
27
61
86
29
52
39
90
58
25
25
0
47
32
54
44
78
45
59
12
4
20
51
63
70
30
97
9
51
23
88
31
65
60
57
62
26
19
5
97
48
33
31
73
83
7
8
88
78
72
92
8
78
71
21
70
96
20
6
82
60
98
10
96
92
50
97
23
95
2
48
94
15
42
56
43
96
47
12
76
60
13
96
31
40
22
52
78
56
89
81
10
14
74
8
10
17
33
20
90
89
53
33
40
88
79
8
94
46
66
79
81
86
46
44
24
64
40
70
47
86
40
82
76
50
52
92
18
47
35
26
59
10
91
61
27
40
70
34
85
46
27
67
34
85
48
94
41
45
24
73
71
4
68
74
74
37
41
80
94
48
52
27
45
19
34
27
50
49
6
5
86
94
13
51
33
70
32
79
37
55
50
12
91
64
93
90
52
15
46
44
48
33
6
36
75
83
66
90
4
87
18
66
44
61
17
56
30
27
73
53
67
36
45
94
4
19
68
93
57
16
3
20
69
79
10
82
16
23
21
82
1
49
30
40
68
66
47
47
44
74
71
60
62
78
71
62
43
1
13
36
5
50
4
57
74
74
13
38
21
28
0
4
32
87
43
7
40
76
2
59
71
58
7
59
46
55
65
24
18
60
82
70
90
58
32
16
57
63
50
74
27
18
84
84
95
56
36
67
80
76
76
24
78
8
8
50
41
94
88
19
70
3
79
77
53
47
58
47
72
86
32
26
12
15
38
26
95
28
22
15
20
7
78
92
88
63
72
63
65
14
91
60
54
72
55
37
57
69
95
70
52
5
0
85
99
82
13
14
66
33
92
56
65
36
26
4
10
10
74
80
82
41
27
78
26
67
34
46
41
17
13
66
21
83
4
78
12
91
61
45
70
37
50
62
33
34
3
25
91
26
45
18
40
13
43
87
22
67
9
56
78
9
49
63
28
91
50
83
28
9
13
25
46
7
80
22
93
32
13
65
55
0
71
30
27
98
6
68
53
43
59
32
16
49
92
24
95
33
81
2
1
29
81
53
39
70
76
38
24
24
28
49
66
46
69
28
22
12
47
43
6
65
67
17
47
87
92
15
14
47
63
84
67
67
95
63
51
5
30
15
1
40
2
57
26
83
30
49
30
55
95
42
23
86
72
96
75
64
58
92
98
13
10
90
51
15
58
65
33
0
68
94
86
75
66
33
62
65
83
88
55
79
53
51
56
78
92
4
75
73
52
90
28
24
74
40
31
55
62
56
63
12
44
66
13
19
13
51
26
46
99
40
39
98
48
16
30
35
38
56
64
48
24
56
83
83
19
37
7
54
88
72
72
56
45
48
78
2
50
72
16
93
10
36
70
45
60
2
18
41
51
73
48
28
1
91
19
13
25
9
16
60
32
8
10
52
74
39
73
5
93
13
93
30
73
0
99
13
9
74
35
35
10
89
21
97
79
83
9
29
40
86
93
94
57
19
82
57
43
52
56
27
16
31
12
46
61
11
5
35
89
84
75
46
31
95
51
33
6
53
8
82
69
89
20
39
17
22
33
9
91
77
75
55
16
97
60
84
4
61
98
72
71
41
73
75
83
51
13
50
34
66
73
87
38
98
43
61
4
3
25
44
17
24
85
38
48
20
18
7
94
34
64
39
61
15
76
59
73
43
10
21
32
56
94
26
71
7
95
49
35
17
30
85
55
68
32
55
88
63
26
17
12
47
73
50
96
0
52
71
63
86
21
43
89
22
61
70
79
34
84
22
22
20
40
9
75
20
28
7
80
12
30
7
66
2
0
31
71
37
95
49
28
52
52
89
80
16
37
78
71
24
86
73
1
7
49
87
97
70
72
72
63
80
64
11
87
82
51
73
65
36
20
81
99
62
32
23
19
32
31
23
15
40
60
51
65
23
52
40
82
85
50
78
68
85
24
82
29
54
58
7
89
68
46
70
65
47