92
62
5
98
85
37
56
64
98
18
96
15
91
75
23
89
70
17
73
41
40
74
85
81
86
21
12
62
73
61
8
97
40
55
56
90
11
41
29
18
2
75
4
67
31
70
94
81
10
74
58
29
14
39
16
53
98
11
63
53
68
43
56
64
27
90
89
67
99
67
68
52
90
14
71
8
82
70
18
18
13
50
11
53
33
72
38
75
83
97
9
33
75
65
54
12
24
15
72
25
53
4
94
20
86
3
87
93
40
17
39
50
78
76
83
53
50
22
21
24
43
57
53
32
42
72
6
63
53
26
71
77
48
1
19
11
9
22
37
75
67
39
44
89
91
16
28
43
62
66
54
11
64
16
2
58
43
31
72
42
41
95
49
7
79
40
11
78
79
79
6
98
75
47
4
59
88
32
26
88
81
69
21
69
31
94
43
75
9
16
9
23
94
32
39
22
56
22
38
61
86
18
31
32
55
50
2
37
73
42
38
56
89
73
78
73
37
30
32
7
60
95
48
27
77
38
23
49
91
58
35
15
54
99
13
89
31
93
75
64
43
13
98
15
88
53
25
75
86
60
75
55
86
36
78
65
68
58
99
62
58
92
73
58
96
62
4
75
47
19
81
0
23
19
45
14
10
37
45
23
87
22
96
48
58
82
50
28
37
45
82
75
6
83
36
64
72
35
84
91
40
84
66
28
19
68
71
9
4
88
52
97
76
57
74
7
10
7
23
37
34
11
73
17
4
14
24
18
79
46
80
59
24
41
67
93
77
48
1
89
27
73
31
59
4
77
31
19
63
23
10
47
36
81
18
37
58
66
78
15
36
13
15
75
37
1
82
74
30
80
5
98
32
46
51
81
65
24
3
47
28
18
64
50
72
22
32
40
6
47
25
45
4
98
7
24
41
31
36
72
39
98
55
94
48
81
27
11
64
59
77
91
12
83
84
39
4
90
61
80
48
97
93
6
59
17
90
49
66
46
90
80
91
45
22
70
4
76
34
32
88
85
43
57
61
82
25
10
86
82
24
82
28
14
94
91
86
68
92
81
65
12
98
41
45
27
3
67
50
24
5
72
96
3
52
18
32
86
75
93
91
72
11
10
22
75
8
79
68
65
33
45
31
37
4
49
33
99
27
30
83
79
47
55
44
94
20
54
26
51
87
35
31
97
60
63
52
41
54
4
69
13
26
92
78
84
20
25
6
59
50
85
27
21
90
98
15
58
3
7
53
81
64
10
25
38
48
78
17
67
44
64
43
11
42
2
68
96
66
55
50
67
14
23
71
97
31
57
97
77
66
44
0
62
89
24
92
73
58
6
15
58
81
4
32
73
11
41
61
91
40
34
61
6
93
27
14
59
92
16
59
55
16
75
76
76
13
5
10
23
57
38
36
28
41
69
44
7
98
10
35
17
84
47
90
44
67
79
91
45
70
93
36
53
89
29
35
81
99
7
35
99
68
35
96
19
88
89
3
21
63
22
34
66
42
64
62
63
22
11
98
51
77
50
14
41
55
79
35
99
79
65
50
80
27
46
87
99
18
74
51
31
57
54
30
71
61
1
80
90
26
86
19
57
98
33
55
77
3
65
89
93
62
34
47
88
86
93
72
16
63
70
33
78
50
14
98
59
88
76
42
50
25
86
73
52
33
80
20
48
31
34
22
11
31
17
93
81
20
23
10
14
86
22
40
19
32
82
4
71
87
76
54
50
63
10
88
2
97
51
0
65
41
78
66
40
12
36
35
12
43
79
5
37
26
58
75
15
1
37
33
67
11
28
49
79
15
53
13
71
59
52
96
0
26
13
15
67
30
6
94
19
8
23
6
85
94
49
4
26
72
22
78
68
10
69
44
94
50
49
94
53
21
79
93
63
1
83
78
78
53
35
35
15
6
55
16
28
60
3
70
27
84
36
65
13
50
68
42
84
8
26
50
87
11
25
7
77
99
89
10
32
63
79
16
23
50
16
32
36
79
19
47
2
4
97
44
84
50
49
13
44
39
34
67
67
55
24
14
71
16
53
54
24
67
30
65
19
52
36
21
24
8
25
26
67
21
85
15
80
21
4
77
66
46
55
17
95
24
34
98
22
66
85
65
1
12
99
86
23
95
35
63
53
13
40
49
53
78
15
29
76
5
42
93
0
85
50
53
94
28
41
28
34
2
7
98
26
50
68
52
88
41
65
20
43
44
39
17
10
89
43
83
67
26
81
76
31
91
94
47
18
43
56
13
59
91
38
37
47
51
33
3
35
56
50
25
34
11
68
