20
3
29
45
33
24
46
33
29
42
6
11
30
15
48
37
2
32
27
49
21
19
31
34
42
33
49
8
11
47
38
31
31
41
8
13
49
5
38
25
25
17
8
14
2
28
13
6
41
17
36
47
9
1
3
5
44
20
14
6
40
0
31
23
35
0
49
1
18
17
45
34
49
16
39
36
36
37
31
28
48
32
17
23
46
5
14
14
42
34
13
6
36
0
29
10
42
31
9
35
49
27
2
36
14
31
32
18
29
44
34
30
17
38
48
22
37
3
46
5
47
23
47
21
17
9
16
18
22
6
46
40
2
47
1
28
29
20
47
33
35
46
19
21
10
10
6
7
42
43
43
33
6
34
38
38
3
49
6
38
3
44
26
13
40
41
44
33
13
23
1
49
15
37
8
49
4
8
3
14
0
35
3
0
45
24
9
4
8
0
30
26
10
47
18
8
10
21
3
34
13
28
23
48
9
10
36
46
1
8
45
19
26
40
17
46
43
1
10
24
9
46
6
38
49
46
28
9
19
34
44
46
4
37
49
32
38
28
17
5
45
36
22
35
45
3
31
48
0
14
44
15
48
37
31
28
42
23
21
4
15
7
49
44
34
3
2
38
40
25
17
33
0
0
4
8
24
44
30
10
5
5
48
36
32
33
40
4
24
48
30
27
47
13
1
7
43
28
24
38
15
43
49
24
4
15
18
16
9
13
2
3
7
12
20
7
40
0
4
8
5
9
14
35
20
8
47
2
37
49
26
46
13
28
48
48
14
29
24
15
31
42
27
0
2
17
24
38
34
12
37
47
10
32
22
22
0
39
49
28
30
49
47
13
35
17
38
5
20
1
9
31
31
44
21
25
1
36
20
0
23
33
4
19
2
29
9
24
22
13
45
10
47
9
24
32
16
40
19
18
15
32
40
46
26
4
28
20
18
31
17
3
30
43
47
5
6
30
27
39
24
34
24
44
7
29
16
20
8
17
15
1
47
14
37
47
17
44
23
35
45
16
22
3
1
41
19
7
44
12
24
37
7
11
12
12
0
33
42
6
16
24
39
6
15
13
31
32
0
24
41
9
12
13
6
35
18
48
37
1
26
32
35
30
14
29
0
44
25
45
31
14
31
8
23
45
28
29
29
6
25
23
39
22
18
32
13
35
8
37
42
7
18
14
48
28
0
40
16
23
35
29
6
8
3
25
38
10
19
12
47
22
2
12
43
8
24
44
31
29
28
15
38
24
1
11
46
29
25
49
23
15
22
9
11
16
22
30
23
21
30
37
8
11
29
29
33
48
31
26
26
4
23
30
36
45
23
27
27
14
14
37
5
21
9
35
42
16
38
42
11
25
35
12
13
46
24
34
43
38
45
30
18
18
20
0
4
34
33
44
24
1
23
46
28
27
49
19
35
23
47
28
15
34
1
31
44
36
16
2
49
11
32
27
23
37
44
49
47
4
34
1
2
11
40
23
4
17
26
33
8
7
1
31
46
39
38
27
40
28
13
46
45
22
30
33
38
48
16
9
2
29
49
24
40
49
41
11
28
48
34
2
16
42
1
19
12
36
6
22
32
13
40
23
15
45
19
37
38
1
18
2
46
23
28
8
23
16
34
25
28
10
49
34
40
45
24
39
14
15
1
1
26
0
37
33
24
12
32
0
30
15
46
28
27
37
8
25
5
20
13
15
14
24
0
39
16
3
9
44
45
9
9
14
7
28
20
14
47
10
28
11
19
47
21
41
12
33
7
33
7
35
40
38
35
12
9
11
3
24
48
35
12
38
5
22
48
39
49
20
5
9
8
6
3
32
49
15
10
15
43
41
27
14
30
2
21
47
13
33
33
42
21
31
24
44
6
28
41
39
1
44
19
30
38
24
24
34
15
31
16
12
33
16
27
37
24
49
9
37
32
19
48
22
30
48
45
32
9
23
31
48
40
33
34
29
23
7
30
45
11
44
28
3
6
14
27
20
5
33
31
31
32
9
0
5
21
48
49
17
0
41
29
23
3
18
14
12
41
29
12
2
0
18
11
10
27
49
39
41
26
2
48
12
8
43
1
8
27
43
1
27
35
46
31
42
49
28
26
6
22
19
13
28
16
25
42
12
12
28
7
29
17
10
33
49
14
41
18
3
3
7
48
31
9
43
5
21
19
16
10
8
47
36
7
37
4
25
47
24
30
12
22
18
5
45
22
21
46
13
47
29
13
38
12
4
10
40
15
27
10
1
4
20
18
10
36
36
49
36
16
47
16
24
46
42
43
31
15
43
