57
31
55
51
4
59
58
51
0
77
92
87
74
93
84
88
86
3
35
71
36
78
91
40
56
92
89
43
76
1
10
99
34
20
47
19
57
16
60
8
36
72
56
71
70
7
17
39
9
72
16
47
7
32
9
75
59
85
8
83
95
95
82
50
5
42
56
68
36
5
80
55
6
4
76
73
77
22
95
12
1
24
54
36
56
7
32
20
48
55
39
3
4
47
71
31
19
32
19
40
7
75
61
91
78
62
28
94
49
80
4
14
3
76
7
54
26
57
69
95
21
20
40
88
55
47
3
99
22
86
27
4
25
8
98
36
67
57
1
72
7
64
84
7
15
18
5
86
71
69
82
10
76
17
50
29
71
72
56
53
23
22
30
55
14
6
83
88
12
86
91
4
42
96
65
90
70
67
30
62
91
12
27
93
8
66
0
4
15
89
1
32
25
55
80
56
7
66
60
7
87
24
59
69
30
47
52
52
1
14
84
94
98
3
68
62
70
82
58
91
3
38
17
74
86
9
76
56
24
19
28
75
78
90
91
47
17
40
16
14
38
31
7
67
11
81
18
40
11
21
50
73
38
42
44
53
29
72
2
27
66
56
53
83
2
4
89
47
19
14
64
98
79
14
53
3
69
14
82
65
0
5
41
23
21
40
18
6
62
17
45
1
12
45
49
78
3
93
30
49
11
43
77
13
74
63
37
10
42
44
26
10
79
8
52
47
21
32
50
66
72
61
56
45
57
86
67
46
83
30
55
95
93
69
7
31
69
6
92
20
11
99
65
42
99
31
52
6
40
64
71
5
25
12
79
12
91
43
85
83
12
16
77
40
73
97
34
27
32
0
74
73
62
93
72
33
49
11
53
37
13
69
72
26
17
2
55
99
97
77
90
44
64
13
98
42
91
79
8
73
84
81
76
61
81
13
29
24
12
78
42
93
81
57
56
53
24
11
58
72
44
73
94
58
29
40
52
32
15
33
14
84
97
22
6
23
94
7
96
21
67
41
76
36
61
3
98
92
3
4
48
26
59
50
81
64
29
89
29
96
5
88
0
86
13
2
16
30
49
97
49
15
96
60
20
8
31
4
74
3
33
13
39
85
79
48
13
77
67
20
63
40
68
16
88
40
97
31
15
19
29
48
86
84
88
42
79
42
7
88
90
25
81
15
8
42
35
79
56
7
18
61
4
14
87
38
50
94
1
79
52
63
87
89
70
40
98
99
21
87
10
8
26
39
64
97
21
36
18
86
66
62
28
63
48
46
40
72
52
17
55
80
85
15
90
27
86
79
46
38
86
26
22
73
78
13
58
30
12
74
26
40
98
29
21
12
99
82
28
74
16
47
26
95
85
7
33
49
67
23
23
80
87
47
66
7
46
64
97
78
34
66
31
62
29
94
40
46
11
51
10
53
18
58
26
4
54
53
55
96
19
37
68
82
49
4
28
26
7
98
38
44
69
67
23
16
88
25
16
15
59
81
93
81
66
41
31
72
56
51
71
12
55
74
19
33
39
43
87
20
44
43
34
28
41
46
44
9
97
62
39
76
93
82
38
18
85
74
12
63
17
14
51
74
15
40
92
90
27
58
27
71
76
54
71
49
73
65
99
98
33
20
17
30
0
54
3
36
6
2
32
14
24
50
27
49
12
66
98
55
51
37
17
51
53
10
70
58
13
72
96
53
50
57
66
50
17
36
95
30
47
0
34
9
29
97
76
21
38
64
73
94
39
22
76
52
55
90
1
30
79
57
9
5
62
41
19
97
94
12
57
71
52
32
67
50
30
98
17
10
9
29
51
7
35
35
26
1
69
57
28
71
3
72
60
87
24
67
94
86
15
65
74
25
14
44
74
10
1
3
71
69
73
25
61
68
9
68
85
92
27
61
61
24
11
54
44
13
1
54
74
98
49
12
33
34
75
27
91
58
19
69
18
45
17
57
45
20
83
45
42
59
28
0
89
29
32
22
36
11
23
8
5
64
51
58
70
55
95
48
47
85
86
46
98
35
67
37
93
54
71
23
60
38
63
81
74
84
53
99
22
15
84
72
44
10
80
71
59
95
0
78
57
38
57
22
0
73
13
61
28
2
95
74
82
5
50
12
81
40
53
87
32
50
29
69
77
34
41
18
27
28
28
39
1
27
98
26
27
81
81
56
48
45
11
83
21
39
22
42
4
65
43
71
83
52
87
26
16
50
23
56
20
25
21
34
52
54
40
80
78
62
63
34
52
36
3
23
1
11
58
55
97
70
71
46
55
82
82
61
